0.322265625
0.399609375
0.399609375
0.502734375
0.5671875
0.6187499999999999
0.6574218749999999
0.7218749999999999
0.7734375
0.8121093749999999
0.8121093749999999
0.8121093749999999
0.966796875
1.018359375
1.018359375
1.10859375
1.147265625
1.198828125
1.2374999999999998
1.276171875
1.327734375
1.353515625
1.3921875
1.4437499999999999
1.482421875
1.5082031249999999
1.546875
1.5984375
1.6371093749999999
1.6371093749999999
1.6886718749999998
1.72734375
1.740234375
1.791796875
1.8175781249999998
1.843359375
1.843359375
1.8949218749999999
1.9464843749999998
1.9593749999999999
1.998046875
2.023828125
2.0496093749999997
2.0496093749999997
2.0496093749999997
2.101171875
2.152734375
2.152734375
2.1785156249999997
2.2171875
2.230078125
2.26875
2.281640625
2.3074218749999997
2.3074218749999997
2.333203125
2.358984375
2.3718749999999997
2.4749999999999996
2.4749999999999996
2.4749999999999996
2.4749999999999996
2.4749999999999996
2.487890625
2.513671875
2.5265625
2.55234375
2.5652343749999997
2.5652343749999997
2.591015625
2.616796875
2.616796875
2.6296874999999997
2.65546875
2.65546875
2.6683593749999996
2.6683593749999996
2.6683593749999996
2.6941406249999997
2.70703125
2.719921875
2.719921875
2.7328124999999996
2.745703125
2.7585937499999997
2.771484375
2.784375
2.784375
2.784375
2.784375
2.7972656249999996
2.7972656249999996
2.81015625
2.8874999999999997
2.8874999999999997
2.8874999999999997
2.8874999999999997
2.8874999999999997
2.8874999999999997
2.8874999999999997
2.8874999999999997
2.8874999999999997
2.8874999999999997
2.8874999999999997
2.8874999999999997
2.8874999999999997
2.8874999999999997
2.900390625
2.900390625
2.900390625
2.9261718749999996
2.9261718749999996
2.9261718749999996
2.9261718749999996
2.9261718749999996
2.9261718749999996
2.9261718749999996
2.9390625
2.9519531249999997
2.9519531249999997
2.96484375
2.96484375
2.96484375
2.96484375
2.977734375
2.977734375
2.977734375
2.977734375
2.977734375
2.977734375
2.977734375
2.977734375
2.977734375
2.977734375
2.9906249999999996
2.9906249999999996
3.003515625
3.003515625
3.003515625
3.003515625
3.003515625
3.003515625
3.0164062499999997
3.0164062499999997
3.029296875
3.029296875
3.029296875
3.029296875
3.029296875
3.0421875
3.0421875
3.0421875
3.0421875
3.0421875
3.0421875
3.0421875
3.0421875
3.09375
3.09375
3.09375
3.09375
3.09375
3.09375
3.09375
3.09375
3.09375
3.09375
3.09375
3.09375
3.09375
3.09375
3.09375
3.09375
3.09375
3.09375
3.09375
3.09375
3.09375
3.09375
3.09375
3.09375
3.09375
3.09375
3.09375
3.09375
3.09375
3.09375
3.09375
3.09375
3.09375
3.09375
3.09375
3.09375
3.09375
3.09375
3.09375
3.106640625
3.106640625
3.106640625
3.106640625
3.106640625
3.106640625
3.106640625
3.106640625
3.106640625
3.106640625
3.106640625
3.106640625
3.106640625
3.106640625
3.106640625
3.106640625
3.106640625
3.106640625
3.106640625
3.106640625
3.106640625
3.106640625
3.106640625
3.106640625
3.106640625
3.106640625
3.1195312499999996
3.1195312499999996
3.1195312499999996
3.1195312499999996
3.1195312499999996
3.132421875
3.09375
3.0164062499999997
2.96484375
2.900390625
2.8874999999999997
2.8874999999999997
2.784375
2.70703125
2.65546875
2.6296874999999997
2.5652343749999997
2.513671875
2.4749999999999996
2.4749999999999996
2.4749999999999996
2.4749999999999996
2.3203125
2.281640625
2.26875
2.2171875
2.1785156249999997
2.152734375
2.1140624999999997
2.08828125
2.0496093749999997
2.03671875
2.0109375
1.9593749999999999
1.9593749999999999
1.9078125
1.8820312499999998
1.843359375
1.8304687499999999
1.8046875
1.77890625
1.740234375
1.72734375
1.7015624999999999
1.67578125
1.65
1.65
1.611328125
1.5984375
1.5597656249999998
1.546875
1.52109375
1.4953124999999998
1.46953125
1.4437499999999999
1.4437499999999999
1.4437499999999999
1.3921875
1.3664062499999998
1.340625
1.327734375
1.3148437499999999
1.2890625
1.276171875
1.2503906249999999
1.2374999999999998
1.2374999999999998
1.2374999999999998
1.2374999999999998
1.2374999999999998
1.173046875
1.147265625
1.134375
1.134375
1.10859375
1.0828125
1.069921875
1.069921875
1.044140625
1.03125
1.018359375
1.018359375
1.00546875
0.9796874999999999
0.9796874999999999
0.9796874999999999
0.95390625
0.9410156249999999
0.928125
0.9152343749999999
0.8121093749999999
0.8121093749999999
0.8121093749999999
0.8121093749999999
0.8121093749999999
0.8121093749999999
0.8121093749999999
0.8121093749999999
0.8121093749999999
0.8121093749999999
0.79921875
0.7863281249999999
0.7734375
0.7734375
0.760546875
0.7476562499999999
0.734765625
0.7218749999999999
0.7218749999999999
0.7218749999999999
0.7218749999999999
0.69609375
0.69609375
0.6832031249999999
0.6703125
0.6703125
0.6574218749999999
0.6574218749999999
0.64453125
0.631640625
0.631640625
0.631640625
0.6187499999999999
0.6187499999999999
0.6187499999999999
0.6187499999999999
0.6187499999999999
0.6187499999999999
0.6187499999999999
0.5929687499999999
0.5929687499999999
0.580078125
0.5671875
0.5671875
0.5671875
0.5671875
0.5671875
0.554296875
0.554296875
0.54140625
0.5285156249999999
0.5285156249999999
0.5285156249999999
0.515625
0.515625
0.515625
0.502734375
0.502734375
0.502734375
0.502734375
0.502734375
0.502734375
0.502734375
0.48984374999999997
0.48984374999999997
0.48984374999999997
0.48984374999999997
0.48984374999999997
0.399609375
0.399609375
0.399609375
0.399609375
0.399609375
0.399609375
0.399609375
0.399609375
0.399609375
0.399609375
0.399609375
0.399609375
0.399609375
0.399609375
0.399609375
0.399609375
0.399609375
0.399609375
0.399609375
0.399609375
0.399609375
0.399609375
0.399609375
0.38671875
0.38671875
0.38671875
0.38671875
0.38671875
0.38671875
0.38671875
0.37382812499999996
0.36093749999999997
0.36093749999999997
0.36093749999999997
0.36093749999999997
0.36093749999999997
0.36093749999999997
0.36093749999999997
0.36093749999999997
0.36093749999999997
0.36093749999999997
0.36093749999999997
0.36093749999999997
0.36093749999999997
0.36093749999999997
0.36093749999999997
0.36093749999999997
0.36093749999999997
0.348046875
0.348046875
0.348046875
0.348046875
0.348046875
0.348046875
0.33515625
0.33515625
0.33515625
0.33515625
0.33515625
0.322265625
